URV decomposition of A, s.t. A=U @ R @ V.T.

Input matrix A (3 x 5):
[[ 1.  2.  3.  4.  5.]
 [ 6.  7.  8.  9. 10.]
 [ 7.  9. 11. 13. 15.]]

U (3 x 3):
[[ 0.10783  0.80934  0.57735]
 [ 0.647   -0.49806  0.57735]
 [ 0.75483  0.31129 -0.57735]]

R (3 x 5):
[[30.97056  6.68294  0.       0.       0.     ]
 [ 5.03686 -0.8904   0.       0.       0.     ]
 [ 0.       0.       0.       0.       0.     ]]

V (5 x 5):
[[ 0.13484  0.76277 -0.40825 -0.36515 -0.31623]
 [ 0.26968  0.47673  0.8165   0.18257  0.     ]
 [ 0.40452  0.19069 -0.40825  0.7303   0.31623]
 [ 0.53936 -0.09535  0.      -0.54772  0.63246]
 [ 0.6742  -0.38139  0.       0.      -0.63246]]

(Check) Product of U, R, V.T, (3 x 5):
[[ 1.  2.  3.  4.  5.]
 [ 6.  7.  8.  9. 10.]
 [ 7.  9. 11. 13. 15.]]

