URV decomposition of A, s.t. A=U @ R @ V.T.

Input matrix A (3 x 4):
[[ 3.  2.  1. 39.]
 [ 2.  3.  1. 34.]
 [ 1.  2.  3. 26.]]

U (3 x 3):
[[ 0.80178 -0.57735  0.1543 ]
 [ 0.53452  0.57735 -0.61721]
 [ 0.26726  0.57735  0.77152]]

R (3 x 4):
[[56.66645  1.08415  0.61722  0.     ]
 [12.20156  1.53102  1.33335  0.     ]
 [ 5.116    0.0951   1.78176  0.     ]]

V (4 x 4):
[[ 0.07657 -0.43918 -0.19642  0.87331]
 [ 0.05105  0.89367 -0.19427  0.40125]
 [ 0.02552  0.0909   0.96108  0.25963]
 [ 0.99543 -0.01438  0.00043 -0.09441]]

(Check) Product of U, R, V.T, (3 x 4):
[[ 3.  2.  1. 39.]
 [ 2.  3.  1. 34.]
 [ 1.  2.  3. 26.]]

