Householder Reduction, s.t. A=QR, where R is the reduced matrix.

Input matrix A (4 x 4):
[[   1.2     232.       21.       23.    ]
 [  21.1      12.2       0.0002    0.22  ]
 [ 242.        0.58      0.        9.23  ]
 [   3.14      2.78    999.     1001.    ]]

Q (4 x 4) (Orthonormal):
[[ 0.00494  0.99856 -0.0118   0.05211]
 [ 0.08685  0.05146 -0.00282 -0.99489]
 [ 0.99613 -0.00959 -0.01267  0.0865 ]
 [ 0.01292  0.01181  0.99985 -0.0011 ]]

R (4 x 4) (Reduced matrix):
[[ 242.94137    2.81924   13.01575   22.2648 ]
 [   0.       232.32081   32.76731   34.71083]
 [   0.         0.       998.59846 1000.457  ]
 [   0.         0.         0.         0.68176]]

(Check) Product of QR (4 x 4):
[[   1.2     232.       21.       23.    ]
 [  21.1      12.2       0.0002    0.22  ]
 [ 242.        0.58     -0.        9.23  ]
 [   3.14      2.78    999.     1001.    ]]

