URV decomposition of A, s.t. A=U @ R @ V.T.

Input matrix A (4 x 4):
[[   1.2     232.       21.       23.    ]
 [  21.1      12.2       0.0002    0.22  ]
 [ 242.        0.58      0.        9.23  ]
 [   3.14      2.78    999.     1001.    ]]

U (4 x 4):
[[ 0.00494  0.99856 -0.0118   0.05211]
 [ 0.08685  0.05146 -0.00282 -0.99489]
 [ 0.99613 -0.00959 -0.01267  0.0865 ]
 [ 0.01292  0.01181  0.99985 -0.0011 ]]

R (4 x 4):
[[   7.39483  240.64731   41.35238    4.21403]
 [ 236.60237   -2.35203   15.82587    3.85032]
 [ 187.88567  -98.43491 1358.99001  325.98896]
 [   0.06699   -0.03171    0.576     -0.35711]]

V (4 x 4):
[[ 0.00513  0.99756  0.06674  0.02004]
 [ 0.9911   0.00416 -0.13067 -0.02523]
 [ 0.08971 -0.05198  0.51445  0.85123]
 [ 0.09826 -0.04651  0.84487 -0.52381]]

(Check) Product of U, R, V.T, (4 x 4):
[[   1.2     232.       21.       23.    ]
 [  21.1      12.2       0.0002    0.22  ]
 [ 242.        0.58     -0.        9.23  ]
 [   3.14      2.78    999.     1001.    ]]

